38 88
38 79
38 28
50 66
50 35
50 47
8 9
8 53
8 41
80 51
80 91
80 32
7 26
7 55
7 43
54 0
54 71
54 9
5 18
5 23
5 36
44 34
44 48
44 96
60 77
60 21
60 4
99 48
99 46
99 96
19 34
19 62
19 94
39 3
39 83
39 77
13 57
13 11
13 67
70 55
70 74
70 26
56 14
56 27
56 93
90 33
90 27
90 84
78 87
78 1
78 64
49 95
49 57
49 11
52 64
52 72
52 95
73 28
73 87
73 1
92 85
92 58
92 29
40 67
40 35
40 59
89 81
89 83
89 3
17 25
17 29
17 14
25 14
25 29
45 97
45 58
45 85
82 63
82 98
82 93
15 24
15 79
15 0
12 69
12 74
12 46
22 97
22 30
22 32
75 16
75 24
75 65
86 41
86 65
86 53
10 37
10 4
10 68
20 91
20 36
20 51
62 94
62 34
2 43
2 81
2 42
31 37
31 6
31 68
76 47
76 66
76 94
71 0
71 9
84 33
84 27
16 24
16 65
61 18
61 6
61 98
23 36
23 18
69 74
69 46
72 95
72 64
42 43
42 81
59 35
59 67
88 28
88 79
57 11
37 68
21 77
21 4
85 58
63 93
63 98
96 48
30 97
30 32
55 26
33 6
3 83
51 91
47 66
1 87
41 53
